0,5.1
0,15.3
0,25.5
0,35.7
0,45.9
0,56.1
0,66.3
0,76.5
11.25,51
11.25,40.8
11.25,30.6
11.25,20.4
11.25,10.2
22.5,5.1
22.5,15.3
22.5,25.5
22.5,35.7
22.5,45.9
22.5,56.1
22.5,66.3
33.75,51
33.75,40.8
33.75,30.6
33.75,20.4
33.75,10.2
45,5.1
45,15.3
45,25.5
45,35.7
45,45.9
45,56.1
45,66.3
45,76.5
56.25,51
56.25,40.8
56.25,30.6
56.25,20.4
56.25,10.2
67.5,5.1
67.5,15.3
67.5,25.5
67.5,35.7
67.5,45.9
67.5,56.1
67.5,66.3
78.75,51
78.75,40.8
78.75,30.6
78.75,20.4
78.75,10.2
90,5.1
90,15.3
90,25.5
90,35.7
90,45.9
90,56.1
90,66.3
90,76.5
101.25,51
101.25,40.8
101.25,30.6
101.25,20.4
101.25,10.2
112.5,5.1
112.5,15.3
112.5,25.5
112.5,35.7
112.5,45.9
112.5,56.1
112.5,66.3
123.75,51
123.75,40.8
123.75,30.6
123.75,20.4
123.75,10.2
135,5.1
135,15.3
135,25.5
135,35.7
135,45.9
135,56.1
135,66.3
135,76.5
146.25,51
146.25,40.8
146.25,30.6
146.25,20.4
146.25,10.2
157.5,5.1
157.5,15.3
157.5,25.5
157.5,35.7
157.5,45.9
157.5,56.1
157.5,66.3
168.75,51
168.75,40.8
168.75,30.6
168.75,20.4
168.75,10.2
180,5.1
180,15.3
180,25.5
180,35.7
180,45.9
180,56.1
180,66.3
180,76.5
191.25,51
191.25,40.8
191.25,30.6
191.25,20.4
191.25,10.2
202.5,5.1
202.5,15.3
202.5,25.5
202.5,35.7
202.5,45.9
202.5,56.1
202.5,66.3
213.75,51
213.75,40.8
213.75,30.6
213.75,20.4
213.75,10.2
225,5.1
225,15.3
225,25.5
225,35.7
225,45.9
225,56.1
225,66.3
225,76.5
236.25,51
236.25,40.8
236.25,30.6
236.25,20.4
236.25,10.2
247.5,5.1
247.5,15.3
247.5,25.5
247.5,35.7
247.5,45.9
247.5,56.1
247.5,66.3
258.75,51
258.75,40.8
258.75,30.6
258.75,20.4
258.75,10.2
270,5.1
270,15.3
270,25.5
270,35.7
270,45.9
270,56.1
270,66.3
270,76.5
281.25,51
281.25,40.8
281.25,30.6
281.25,20.4
281.25,10.2
292.5,5.1
292.5,15.3
292.5,25.5
292.5,35.7
292.5,45.9
292.5,56.1
292.5,66.3
303.75,51
303.75,40.8
303.75,30.6
303.75,20.4
303.75,10.2
315,5.1
315,15.3
315,25.5
315,35.7
315,45.9
315,56.1
315,66.3
315,76.5
326.25,51
326.25,40.8
326.25,30.6
326.25,20.4
326.25,10.2
337.5,5.1
337.5,15.3
337.5,25.5
337.5,35.7
337.5,45.9
337.5,56.1
337.5,66.3
348.75,51
348.75,40.8
348.75,30.6
348.75,20.4
348.75,10.2
0,-5.1
0,-15.3
0,-25.5
0,-35.7
0,-45.9
0,-56.1
0,-66.3
0,-76.5
11.25,-51
11.25,-40.8
11.25,-30.6
11.25,-20.4
11.25,-10.2
22.5,-5.1
22.5,-15.3
22.5,-25.5
22.5,-35.7
22.5,-45.9
22.5,-56.1
22.5,-66.3
33.75,-51
33.75,-40.8
33.75,-30.6
33.75,-20.4
33.75,-10.2
45,-5.1
45,-15.3
45,-25.5
45,-35.7
45,-45.9
45,-56.1
45,-66.3
45,-76.5
56.25,-51
56.25,-40.8
56.25,-30.6
56.25,-20.4
56.25,-10.2
67.5,-5.1
67.5,-15.3
67.5,-25.5
67.5,-35.7
67.5,-45.9
67.5,-56.1
67.5,-66.3
78.75,-51
78.75,-40.8
78.75,-30.6
78.75,-20.4
78.75,-10.2
90,-5.1
90,-15.3
90,-25.5
90,-35.7
90,-45.9
90,-56.1
90,-66.3
90,-76.5
101.25,-51
101.25,-40.8
101.25,-30.6
101.25,-20.4
101.25,-10.2
112.5,-5.1
112.5,-15.3
112.5,-25.5
112.5,-35.7
112.5,-45.9
112.5,-56.1
112.5,-66.3
123.75,-51
123.75,-40.8
123.75,-30.6
123.75,-20.4
123.75,-10.2
135,-5.1
135,-15.3
135,-25.5
135,-35.7
135,-45.9
135,-56.1
135,-66.3
135,-76.5
146.25,-51
146.25,-40.8
146.25,-30.6
146.25,-20.4
146.25,-10.2
157.5,-5.1
157.5,-15.3
157.5,-25.5
157.5,-35.7
157.5,-45.9
157.5,-56.1
157.5,-66.3
168.75,-51
168.75,-40.8
168.75,-30.6
168.75,-20.4
168.75,-10.2
180,-5.1
180,-15.3
180,-25.5
180,-35.7
180,-45.9
180,-56.1
180,-66.3
180,-76.5
191.25,-51
191.25,-40.8
191.25,-30.6
191.25,-20.4
191.25,-10.2
202.5,-5.1
202.5,-15.3
202.5,-25.5
202.5,-35.7
202.5,-45.9
202.5,-56.1
202.5,-66.3
213.75,-51
213.75,-40.8
213.75,-30.6
213.75,-20.4
213.75,-10.2
225,-5.1
225,-15.3
225,-25.5
225,-35.7
225,-45.9
225,-56.1
225,-66.3
225,-76.5
236.25,-51
236.25,-40.8
236.25,-30.6
236.25,-20.4
236.25,-10.2
247.5,-5.1
247.5,-15.3
247.5,-25.5
247.5,-35.7
247.5,-45.9
247.5,-56.1
247.5,-66.3
258.75,-51
258.75,-40.8
258.75,-30.6
258.75,-20.4
258.75,-10.2
270,-5.1
270,-15.3
270,-25.5
270,-35.7
270,-45.9
270,-56.1
270,-66.3
270,-76.5
281.25,-51
281.25,-40.8
281.25,-30.6
281.25,-20.4
281.25,-10.2
292.5,-5.1
292.5,-15.3
292.5,-25.5
292.5,-35.7
292.5,-45.9
292.5,-56.1
292.5,-66.3
303.75,-51
303.75,-40.8
303.75,-30.6
303.75,-20.4
303.75,-10.2
315,-5.1
315,-15.3
315,-25.5
315,-35.7
315,-45.9
315,-56.1
315,-66.3
315,-76.5
326.25,-51
326.25,-40.8
326.25,-30.6
326.25,-20.4
326.25,-10.2
337.5,-5.1
337.5,-15.3
337.5,-25.5
337.5,-35.7
337.5,-45.9
337.5,-56.1
337.5,-66.3
348.75,-51
348.75,-40.8
348.75,-30.6
348.75,-20.4
348.75,-10.2